33 44
477 23
903 17
1377 15
2031 31
2997 29
3291 22
3627 17
4215 16
4635 12
5391 15
6879 18
7293 21
7485 16
8379 12
8757 13
9243 15
9513 15
9621 18
10011 14
12765 14
13647 22
13875 20
14145 13
15567 17
16827 13
17373 21
19503 18
20061 18
20265 11
20925 16
21741 19
22053 12
22401 12
26547 22
26781 47
27627 41
28881 13
31317 29
32235 36
33393 13
34173 13
34857 19
35007 37
37077 15
39099 13
39735 25
41223 15
41481 20
42153 11
42357 27
42465 14
43623 21
44037 31
44991 14
45477 42
46623 24
47223 22
47499 11
48393 14
49455 13
51123 18
51861 20
54225 26
54291 14
54687 39
54903 14
54957 34
56307 10
57267 14
58065 26
58155 27
58233 15
60873 12
61065 14
61719 22
61851 34
63003 19
63693 18
64383 25
64683 25
65025 14
65247 112
65409 19
66123 35
66825 17
67209 21
68205 24
68613 15
69297 25
70035 24
71079 19
73911 21
74277 19
74541 20
74673 107
76299 17
77205 12
77325 12
79131 12
79965 16
80439 14
81021 47
81939 20
82395 17
83043 21
83439 18
84075 12
85179 17
85395 12
86529 20
86805 17
88623 15
89127 15
89955 18
90063 24
90543 20
92289 67
93825 15
94269 23
95409 15
95937 13
96345 14
98217 15
98511 12
98637 15
99129 17
99213 13
99873 17
99963 13
100725 16
101217 16
101595 49
101883 24
101949 35
102597 20
104259 18
104481 41
104781 17
104919 18
106071 14
106767 16
107445 19
107517 17
108441 12
108879 16
110631 12
110757 15
110973 14
111423 23
111513 27
111627 39
112017 14
113691 15
114561 15
115365 15
115629 14
116097 12
116169 18
117279 15
117813 31
118839 14
119145 21
119283 15
120003 12
121167 13
121905 11
121995 13
123303 11
125643 14
125829 13
125889 47
126873 13
127995 24
128379 15
128481 42
129555 11
130791 24
133023 12
133941 10
134205 12
135111 14
135399 12
135495 11
135849 26
135915 12
135987 25
145209 149
147447 18
149739 46
151059 26
155427 36
157335 28
157377 66
157497 24
158001 22
158373 57
158433 416
160239 17
161223 14
161991 17
163473 369
164847 263
165051 135
165735 51
166431 27
167841 18
168885 39
170055 40
173763 46
175197 30
175647 36
176121 30
177297 15
178233 26
178473 36
179265 28
180123 24
180591 14
182097 65
182283 13
182697 22
182943 19
183303 12
184353 17
184887 21
185103 46
185205 17
186321 14
189171 21
189423 22
189561 21
190269 19
190785 22
191151 222
191925 61
193113 11
193509 134
194145 14
194799 26
195039 32
196665 21
198267 28
198831 29
199329 45
200253 18
202497 20
203001 26
203679 15
204693 13
208323 22
209025 16
210627 14
212541 18
212685 19
214569 11
214953 18
215505 12
216081 21
216411 23
216549 13
216945 11
217761 13
218883 13
220431 13
220899 22
220971 16
221181 11
221733 20
222291 18
223653 16
225267 12
225759 15
225945 13
226833 21
228771 15
229299 10
230697 11
231483 14
231933 31
233289 11
234093 12
234597 16
235647 15
235761 12
236433 20
237891 14
238251 12
238767 12
241209 33
241485 34
243087 16
246105 540
246735 34
246771 19
249621 55
251445 69
252189 41
252345 18
252519 198
252891 23
253101 34
253173 80
253557 12
254157 35
254499 25
254553 15
254727 31
254817 23
255003 13
255207 13
260301 20
262359 14
263145 25
264501 15
265653 13
266817 17
267339 11
268413 19
269355 18
269769 14
270063 23
271677 13
272025 15
272061 15
273027 13
274029 22
279477 23
281961 19
283383 29
285063 21
285627 20
286107 21
287331 19
289971 38
290613 19
296115 16
298005 61
300777 18
301245 13
302991 35
305655 45
306729 19
306957 34
312867 24
313809 14
319293 16
321219 15
321345 20
323631 14
323721 12
326271 19
329505 25
331365 17
332079 15
334611 18
334875 25
335199 13
337971 17
339351 11
339645 13
341673 14
342627 16
342843 16
343389 13
344865 14
348537 18
349947 44
350679 21
352593 20
354219 12
354489 13
355041 19
355887 15
364221 19
367665 16
369303 24
369843 12
370293 22
371271 12
372057 13
372417 16
373317 22
373863 12
380541 11
382641 26
383145 18
384987 15
387279 15
387933 12
394191 13
394995 11
395553 13
395607 23
396285 14
396567 12
396795 15
400239 14
400311 22
400953 15
403797 14
406293 11
408225 12
408519 13
410619 14
410793 17
414003 12
415065 17
417171 35
422055 11
422133 20
425133 13
427713 15
430281 23
430941 25
431175 15
434559 12
435789 14
439047 12
443031 13
447591 19
449109 25
450345 12
456771 12
457443 15
460425 16
467979 14
471159 15
473625 25
479055 19
482499 19
482907 38
496845 22
498651 16
500289 16
501279 17
501411 13
504579 14
506025 13
509025 17
511419 13
512517 16
514899 14
516231 15
516501 15
532305 22
532875 18
536391 22
538185 12
538527 15
570423 219
589359 93
589461 137
589683 36
591261 38
591303 63
591369 196
591405 142
592683 624
592803 41
593259 49
593583 30
593835 74
593919 77
597201 25
597261 28
597315 37
597579 76
597651 180
597687 68
598677 27
601857 70
601995 418
602031 287
603405 29
603501 71
604437 118
604497 41
605403 16
605997 10
606483 54
606519 12
608643 294
610065 25
612315 97
616905 38
617259 45
617433 79
617595 33
617637 44
617955 29
618117 24
619467 49
620187 115
621273 29
621321 83
621855 24
622251 49
622317 28
622521 16
623859 27
623997 8
624723 17
626085 43
626781 75
627285 54
627489 23
629259 77
629397 259
630429 18
631359 15
631785 16
632217 10
632313 15
632793 16
633459 34
633897 56
635649 60
635907 12
635955 23
638169 25
641343 19
641817 12
643899 18
644907 11
646623 31
646833 18
647241 17
648219 20
649923 12
649983 21
650283 23
650691 27
652533 63
653385 59
654051 29
654765 250
656823 26
657333 17
659295 16
659739 16
661347 11
661575 26
662775 12
664953 15
665055 19
665115 13
665889 21
665925 12
666831 20
666921 19
667803 15
668493 14
669189 18
669957 11
672591 10
673671 11
673869 13
674289 10
675327 13
676791 17
678063 13
678129 28
678345 14
679167 37
679845 15
680937 21
682197 21
682239 16
683313 14
683421 21
684423 12
684711 17
685245 18
685491 18
685923 13
686613 28
686889 16
687537 18
691467 18
691563 16
691779 34
692151 17
693021 17
693447 15
693741 18
694005 16
694407 17
696039 21
696219 13
696705 15
698289 13
699807 50
700125 12
700977 20
702465 19
702873 19
702945 18
704517 15
704619 11
706059 29
709239 28
709347 17
712293 14
714027 12
714093 15
714465 12
715209 19
716721 18
716919 16
717159 15
718221 16
718719 52
719247 20
720825 17
721275 13
722769 14
723939 14
724767 39
726159 14
726555 13
726957 30
729309 17
729513 25
729561 12
730767 18
731661 15
733083 16
734217 22
735201 27
735255 17
735291 30
736197 16
736629 18
737433 26
737679 13
739197 17
739473 17
739563 45
739743 20
740115 49
741861 55
742401 19
742509 15
742863 14
743583 33
745155 14
745467 18
748785 14
749145 28
751089 29
751407 24
752103 19
752325 163
752565 17
753615 25
757323 28
757887 21
758979 18
759183 23
760467 15
762093 34
762357 21
762465 18
763323 68
764397 20
764451 20
764523 13
766341 15
766881 21
768951 20
769317 15
770127 18
770811 16
773469 16
773961 16
774891 12
775227 15
776139 25
779193 31
780315 15
781491 11
783495 59
783723 33
785565 13
785703 15
787623 13
788061 21
788817 22
789015 12
789753 19
790107 22
790281 21
790521 16
791397 15
791937 13
792111 42
794121 19
794859 17
796359 14
797553 13
798345 21
798921 17
799167 19
799479 21
800115 25
800553 14
803091 15
803313 12
805143 32
808779 69
813897 23
814335 17
816633 42
816765 30
817581 20
818739 14
819441 15
820347 15
821601 20
821703 57
826335 68
829257 96
829305 77
832035 28
832101 34
836277 27
837381 69
840435 33
840975 20
845883 67
847161 29
847905 27
849315 38
849471 40
850449 88
850779 39
852543 30
853341 28
855585 41
857823 27
859017 64
859563 61
860187 37
864099 15
867627 18
868461 21
871929 17
876081 14
878463 13
878643 18
879033 20
879651 31
881313 26
881823 37
883653 12
884865 42
884979 14
885657 14
886347 13
887625 30
888333 59
889059 22
891849 36
897381 24
897915 47
898407 94
899397 38
900537 21
901569 31
902475 11
903963 14
907245 26
911289 15
912417 14
912483 26
913569 19
914859 22
915783 13
917007 13
917919 14
918039 15
918705 15
919719 21
920769 18
921777 18
922497 20
923727 49
924795 19
924927 16
924993 15
925233 15
926697 55
926763 55
927969 13
929409 15
932583 17
932841 17
933339 54
934113 28
935037 19
936963 14
937155 11
938655 12
940095 19
940239 17
941457 20
943647 16
944373 75
945867 16
952839 13
953109 17
953271 13
954117 21
954537 22
961449 13
963969 16
969033 12
971073 13
971229 54
971439 14
971943 15
973431 27
976743 22
977553 20
977811 23
980709 16
982305 28
983997 11
987759 21
993081 104
998493 15
