plot [0:30000][2500:2750] '-' w l
2 2676
7 2677
12 2679
17 2625
22 2551
27 2765
32 2675
37 2677
42 2678
47 2677
52 2676
57 2677
62 2678
67 2678
72 2674
77 2675
82 2676
87 2676
92 2677
97 2681
102 2676
107 2675
112 2675
117 2676
122 2675
127 2677
132 2677
137 2673
142 2676
147 2675
152 2678
157 2675
162 2677
167 2676
172 2675
177 2675
182 2677
187 2677
192 2676
197 2676
202 2676
207 2675
212 2677
217 2675
222 2676
227 2676
232 2677
237 2676
242 2676
247 2678
252 2675
257 2676
262 2676
267 2676
272 2675
277 2676
282 2677
287 2676
292 2675
297 2676
302 2675
307 2676
312 2677
317 2677
322 2676
327 2676
332 2675
337 2676
342 2678
347 2676
352 2676
357 2674
362 2676
367 2677
372 2677
377 2676
382 2676
387 2677
392 2675
397 2677
402 2676
407 2676
412 2677
417 2676
422 2677
427 2676
432 2677
437 2675
442 2675
447 2677
452 2678
457 2646
462 2694
467 2541
472 2739
477 2670
482 2676
487 2675
492 2676
497 2677
502 2679
507 2676
512 2678
517 2673
522 2677
527 2675
532 2675
537 2678
542 2676
547 2675
552 2676
557 2678
562 2677
567 2677
572 2676
577 2677
582 2676
587 2679
592 2676
597 2675
602 2676
607 2675
612 2676
617 2678
622 2676
627 2675
632 2678
637 2677
642 2677
647 2676
652 2675
657 2675
662 2676
667 2678
672 2676
677 2676
682 2677
687 2676
692 2675
697 2677
702 2677
707 2677
712 2677
717 2676
722 2677
727 2677
732 2678
737 2676
742 2677
747 2675
752 2677
757 2676
762 2675
767 2677
772 2675
777 2678
782 2674
787 2677
792 2679
797 2677
802 2675
807 2675
812 2677
817 2676
822 2676
827 2676
832 2675
837 2677
842 2677
847 2677
852 2675
857 2675
862 2676
867 2676
872 2674
877 2672
882 2643
887 2613
892 2638
897 2698
902 2678
907 2675
912 2675
917 2676
922 2675
927 2676
932 2675
937 2676
942 2675
947 2675
952 2678
957 2676
962 2676
967 2677
972 2677
977 2678
982 2679
987 2676
992 2676
997 2677
1002 2676
1007 2676
1012 2677
1017 2675
1022 2677
1027 2676
1032 2677
1037 2675
1042 2677
1047 2676
1052 2675
1057 2676
1062 2677
1067 2676
1072 2676
1077 2677
1082 2675
1087 2675
1092 2677
1097 2676
1102 2679
1107 2676
1112 2676
1117 2676
1122 2676
1127 2674
1132 2677
1137 2676
1142 2675
1147 2675
1152 2674
1157 2678
1162 2675
1167 2676
1172 2672
1177 2677
1182 2677
1187 2675
1192 2676
1197 2677
1202 2676
1207 2676
1212 2676
1217 2675
1222 2676
1227 2676
1232 2676
1237 2679
1242 2676
1247 2678
1252 2677
1257 2677
1262 2678
1267 2676
1272 2676
1277 2675
1282 2676
1287 2675
1292 2677
1297 2676
1302 2677
1307 2675
1312 2676
1317 2677
1322 2677
1327 2677
1332 2675
1337 2677
1342 2675
1347 2672
1352 2673
1357 2669
1362 2678
1367 2675
1372 2676
1377 2674
1382 2676
1387 2677
1392 2676
1397 2676
1402 2678
1407 2676
1412 2678
1417 2677
1422 2677
1427 2677
1432 2676
1437 2676
1442 2678
1447 2677
1452 2679
1457 2675
1462 2674
1467 2677
1472 2677
1477 2677
1482 2674
1487 2676
1492 2677
1497 2676
1502 2676
1507 2676
1512 2676
1517 2677
1522 2676
1527 2676
1532 2674
1537 2676
1542 2674
1547 2674
1552 2676
1557 2677
1562 2676
1567 2676
1572 2676
1577 2674
1582 2676
1587 2675
1592 2676
1597 2675
1602 2676
1607 2675
1612 2676
1617 2676
1622 2674
1627 2676
1632 2676
1637 2676
1642 2677
1647 2675
1652 2675
1657 2676
1662 2676
1667 2677
1672 2678
1677 2676
1682 2676
1687 2675
1692 2676
1697 2677
1702 2679
1707 2678
1712 2677
1717 2675
1722 2678
1727 2677
1732 2676
1737 2678
1742 2675
1747 2675
1752 2677
1757 2675
1762 2677
1767 2676
1772 2676
1777 2676
1782 2675
1787 2677
1792 2676
1797 2677
1802 2676
1807 2677
1812 2677
1817 2675
1822 2675
1827 2675
1832 2676
1837 2678
1842 2677
1847 2676
1852 2677
1857 2676
1862 2678
1867 2674
1872 2676
1877 2677
1882 2676
1887 2676
1892 2677
1897 2675
1902 2677
1907 2676
1912 2676
1917 2675
1922 2677
1927 2677
1932 2676
1937 2677
1942 2676
1947 2677
1952 2675
1957 2676
1962 2679
1967 2676
1972 2676
1977 2677
1982 2675
1987 2675
1992 2676
1997 2676
2002 2676
2007 2674
2012 2682
2017 2686
2022 2698
2027 2683
2032 2674
2037 2677
2042 2677
2047 2677
2052 2675
2057 2676
2062 2678
2067 2677
2072 2676
2077 2677
2082 2676
2087 2675
2092 2676
2097 2676
2102 2677
2107 2675
2112 2677
2117 2677
2122 2675
2127 2679
2132 2676
2137 2680
2142 2677
2147 2677
2152 2677
2157 2678
2162 2677
2167 2675
2172 2677
2177 2674
2182 2676
2187 2678
2192 2679
2197 2676
2202 2677
2207 2675
2212 2676
2217 2676
2222 2675
2227 2676
2232 2674
2237 2675
2242 2675
2247 2677
2252 2677
2257 2676
2262 2676
2267 2675
2272 2676
2277 2671
2282 2676
2287 2675
2292 2674
2297 2678
2302 2679
2307 2674
2312 2678
2317 2676
2322 2676
2327 2678
2332 2679
2337 2677
2342 2674
2347 2677
2352 2679
2357 2676
2362 2676
2367 2675
2372 2674
2377 2675
2382 2676
2387 2676
2392 2676
2397 2675
2402 2676
2407 2677
2412 2678
2417 2673
2422 2677
2427 2675
2432 2678
2437 2680
2442 2677
2447 2676
2452 2678
2457 2677
2462 2675
2467 2677
2472 2676
2477 2675
2482 2678
2487 2676
2492 2677
2497 2676
2502 2675
2507 2676
2512 2674
2517 2678
2522 2676
2527 2676
2532 2677
2537 2675
2542 2676
2547 2678
2552 2676
2557 2677
2562 2677
2567 2678
2572 2675
2577 2676
2582 2674
2587 2676
2592 2676
2597 2677
2602 2675
2607 2675
2612 2676
2617 2678
2622 2675
2627 2677
2632 2675
2637 2675
2642 2678
2647 2676
2652 2678
2657 2677
2662 2674
2667 2677
2672 2676
2677 2676
2682 2676
2687 2676
2692 2678
2697 2675
2702 2675
2707 2677
2712 2677
2717 2677
2722 2677
2727 2678
2732 2677
2737 2674
2742 2678
2747 2677
2752 2676
2757 2676
2762 2675
2767 2676
2772 2679
2777 2675
2782 2676
2787 2677
2792 2675
2797 2676
2802 2676
2807 2677
2812 2676
2817 2675
2822 2677
2827 2677
2832 2677
2837 2678
2842 2676
2847 2677
2852 2675
2857 2677
2862 2674
2867 2676
2872 2676
2877 2675
2882 2676
2887 2675
2892 2677
2897 2676
2902 2678
2907 2678
2912 2676
2917 2677
2922 2676
2927 2675
2932 2677
2937 2678
2942 2674
2947 2675
2952 2677
2957 2677
2962 2676
2967 2676
2972 2677
2977 2656
2982 2681
2987 2577
2992 2702
2997 2680
3002 2677
3007 2675
3012 2676
3017 2675
3022 2675
3027 2675
3032 2676
3037 2676
3042 2676
3047 2676
3052 2676
3057 2676
3062 2675
3067 2677
3072 2677
3077 2674
3082 2676
3087 2675
3092 2678
3097 2676
3102 2676
3107 2678
3112 2677
3117 2676
3122 2676
3127 2678
3132 2679
3137 2676
3142 2678
3147 2675
3152 2678
3157 2677
3162 2676
3167 2676
3172 2678
3177 2676
3182 2677
3187 2676
3192 2678
3197 2675
3202 2676
3207 2678
3212 2677
3217 2679
3222 2677
3227 2677
3232 2678
3237 2676
3242 2677
3247 2674
3252 2675
3257 2677
3262 2677
3267 2678
3272 2640
3277 2626
3282 2583
3287 2714
3292 2676
3297 2675
3302 2678
3307 2674
3312 2676
3317 2675
3322 2677
3327 2676
3332 2677
3337 2677
3342 2677
3347 2675
3352 2676
3357 2677
3362 2676
3367 2677
3372 2674
3377 2675
3382 2675
3387 2676
3392 2676
3397 2677
3402 2678
3407 2677
3412 2676
3417 2676
3422 2676
3427 2677
3432 2677
3437 2677
3442 2678
3447 2675
3452 2678
3457 2676
3462 2678
3467 2676
3472 2677
3477 2677
3482 2676
3487 2676
3492 2678
3497 2676
3502 2676
3507 2677
3512 2677
3517 2676
3522 2679
3527 2676
3532 2674
3537 2676
3542 2676
3547 2677
3552 2675
3557 2675
3562 2675
3567 2676
3572 2676
3577 2677
3582 2676
3587 2677
3592 2677
3597 2677
3602 2677
3607 2675
3612 2676
3617 2674
3622 2675
3627 2677
3632 2675
3637 2674
3642 2675
3647 2677
3652 2675
3657 2677
3662 2675
3667 2674
3672 2677
3677 2674
3682 2674
3687 2676
3692 2677
3697 2674
3702 2675
3707 2675
3712 2676
3717 2677
3722 2676
3727 2675
3732 2676
3737 2675
3742 2677
3747 2676
3752 2678
3757 2677
3762 2676
3767 2675
3772 2675
3777 2677
3782 2676
3787 2676
3792 2678
3797 2677
3802 2676
3807 2676
3812 2677
3817 2678
3822 2675
3827 2674
3832 2676
3837 2678
3842 2676
3847 2677
3852 2677
3857 2676
3862 2674
3867 2677
3872 2675
3877 2675
3882 2676
3887 2677
3892 2676
3897 2676
3902 2676
3907 2675
3912 2676
3917 2677
3922 2683
3927 2677
3932 2677
3937 2676
3942 2675
3947 2675
3952 2674
3957 2678
3962 2676
3967 2676
3972 2678
3977 2677
3982 2676
3987 2676
3992 2675
3997 2677
4002 2678
4007 2675
4012 2674
4017 2676
4022 2678
4027 2676
4032 2676
4037 2678
4042 2676
4047 2676
4052 2677
4057 2678
4062 2676
4067 2677
4072 2676
4077 2675
4082 2677
4087 2674
4092 2677
4097 2676
4102 2676
4107 2676
4112 2675
4117 2676
4122 2675
4127 2677
4132 2676
4137 2677
4142 2676
4147 2676
4152 2675
4157 2675
4162 2675
4167 2676
4172 2676
4177 2676
4182 2677
4187 2674
4192 2667
4197 2672
4202 2675
4207 2676
4212 2677
4217 2678
4222 2676
4227 2676
4232 2677
4237 2674
4242 2676
4247 2676
4252 2676
4257 2676
4262 2677
4267 2676
4272 2677
4277 2675
4282 2677
4287 2676
4292 2675
4297 2677
4302 2677
4307 2676
4312 2677
4317 2678
4322 2676
4327 2677
4332 2678
4337 2677
4342 2675
4347 2683
4352 2676
4357 2678
4362 2674
4367 2673
4372 2676
4377 2678
4382 2676
4387 2677
4392 2676
4397 2674
4402 2675
4407 2675
4412 2676
4417 2676
4422 2675
4427 2677
4432 2677
4437 2678
4442 2676
4447 2675
4452 2673
4457 2678
4462 2677
4467 2677
4472 2677
4477 2675
4482 2675
4487 2675
4492 2676
4497 2674
4502 2676
4507 2676
4512 2676
4517 2675
4522 2675
4527 2677
4532 2675
4537 2676
4542 2674
4547 2677
4552 2676
4557 2675
4562 2677
4567 2677
4572 2674
4577 2679
4582 2676
4587 2676
4592 2675
4597 2674
4602 2676
4607 2675
4612 2677
4617 2676
4622 2678
4627 2679
4632 2677
4637 2676
4642 2675
4647 2674
4652 2677
4657 2677
4662 2677
4667 2675
4672 2675
4677 2678
4682 2676
4687 2676
4692 2678
4697 2678
4702 2677
4707 2675
4712 2677
4717 2677
4722 2676
4727 2677
4732 2675
4737 2677
4742 2676
4747 2676
4752 2675
4757 2677
4762 2676
4767 2677
4772 2675
4777 2677
4782 2675
4787 2676
4792 2677
4797 2679
4802 2675
4807 2677
4812 2676
4817 2675
4822 2679
4827 2676
4832 2679
4837 2677
4842 2677
4847 2676
4852 2674
4857 2676
4862 2674
4867 2677
4872 2676
4877 2675
4882 2676
4887 2677
4892 2676
4897 2678
4902 2676
4907 2675
4912 2676
4917 2676
4922 2677
4927 2674
4932 2673
4937 2675
4942 2674
4947 2675
4952 2675
4957 2679
4962 2675
4967 2679
4972 2676
4977 2675
4982 2675
4987 2677
4992 2674
4997 2675
5002 2677
5007 2677
5012 2675
5017 2675
5022 2677
5027 2676
5032 2676
5037 2675
5042 2673
5047 2674
5052 2676
5057 2677
5062 2676
5067 2676
5072 2675
5077 2675
5082 2675
5087 2676
5092 2677
5097 2674
5102 2678
5107 2674
5112 2675
5117 2677
5122 2678
5127 2676
5132 2676
5137 2677
5142 2677
5147 2676
5152 2677
5157 2676
5162 2677
5167 2675
5172 2678
5177 2677
5182 2677
5187 2676
5192 2675
5197 2677
5202 2677
5207 2676
5212 2675
5217 2676
5222 2676
5227 2677
5232 2676
5237 2678
5242 2677
5247 2678
5252 2678
5257 2676
5262 2675
5267 2675
5272 2677
5277 2675
5282 2678
5287 2676
5292 2676
5297 2677
5302 2675
5307 2674
5312 2676
5317 2676
5322 2680
5327 2678
5332 2676
5337 2674
5342 2675
5347 2679
5352 2674
5357 2679
5362 2687
5367 2735
5372 2687
5377 2676
5382 2675
5387 2676
5392 2674
5397 2676
5402 2675
5407 2675
5412 2675
5417 2676
5422 2673
5427 2676
5432 2681
5437 2675
5442 2675
5447 2675
5452 2675
5457 2678
5462 2675
5467 2678
5472 2675
5477 2674
5482 2676
5487 2675
5492 2677
5497 2677
5502 2676
5507 2677
5512 2675
5517 2676
5522 2677
5527 2677
5532 2675
5537 2676
5542 2676
5547 2678
5552 2677
5557 2680
5562 2677
5567 2677
5572 2677
5577 2675
5582 2675
5587 2678
5592 2675
5597 2677
5602 2675
5607 2677
5612 2676
5617 2676
5622 2676
5627 2675
5632 2677
5637 2676
5642 2676
5647 2675
5652 2676
5657 2676
5662 2676
5667 2677
5672 2677
5677 2677
5682 2676
5687 2675
5692 2676
5697 2676
5702 2676
5707 2676
5712 2677
5717 2677
5722 2676
5727 2677
5732 2675
5737 2677
5742 2676
5747 2675
5752 2677
5757 2680
5762 2677
5767 2677
5772 2675
5777 2679
5782 2676
5787 2676
5792 2678
5797 2677
5802 2676
5807 2675
5812 2675
5817 2675
5822 2676
5827 2676
5832 2677
5837 2677
5842 2677
5847 2675
5852 2678
5857 2676
5862 2677
5867 2677
5872 2677
5877 2676
5882 2676
5887 2678
5892 2675
5897 2674
5902 2676
5907 2676
5912 2676
5917 2676
5922 2676
5927 2675
5932 2677
5937 2676
5942 2677
5947 2675
5952 2676
5957 2676
5962 2675
5967 2675
5972 2677
5977 2677
5982 2673
5987 2677
5992 2676
5997 2677
6002 2676
6007 2676
6012 2677
6017 2675
6022 2676
6027 2677
6032 2675
6037 2677
6042 2678
6047 2674
6052 2676
6057 2675
6062 2677
6067 2676
6072 2676
6077 2675
6082 2675
6087 2676
6092 2676
6097 2677
6102 2677
6107 2676
6112 2676
6117 2678
6122 2676
6127 2677
6132 2681
6137 2675
6142 2676
6147 2678
6152 2679
6157 2677
6162 2677
6167 2676
6172 2676
6177 2677
6182 2678
6187 2675
6192 2676
6197 2675
6202 2676
6207 2679
6212 2677
6217 2676
6222 2677
6227 2677
6232 2675
6237 2675
6242 2675
6247 2675
6252 2677
6257 2678
6262 2676
6267 2680
6272 2676
6277 2675
6282 2677
6287 2678
6292 2677
6297 2677
6302 2678
6307 2678
6312 2674
6317 2676
6322 2676
6327 2676
6332 2676
6337 2675
6342 2674
6347 2676
6352 2674
6357 2677
6362 2676
6367 2677
6372 2676
6377 2676
6382 2678
6387 2676
6392 2678
6397 2677
6402 2676
6407 2679
6412 2677
6417 2676
6422 2676
6427 2674
6432 2676
6437 2675
6442 2676
6447 2676
6452 2674
6457 2674
6462 2679
6467 2675
6472 2677
6477 2675
6482 2677
6487 2676
6492 2676
6497 2676
6502 2677
6507 2676
6512 2675
6517 2677
6522 2679
6527 2679
6532 2677
6537 2675
6542 2678
6547 2676
6552 2677
6557 2675
6562 2678
6567 2677
6572 2677
6577 2677
6582 2675
6587 2676
6592 2676
6597 2676
6602 2676
6607 2677
6612 2674
6617 2677
6622 2674
6627 2675
6632 2676
6637 2675
6642 2677
6647 2674
6652 2678
6657 2674
6662 2677
6667 2676
6672 2676
6677 2677
6682 2678
6687 2676
6692 2676
6697 2675
6702 2678
6707 2676
6712 2676
6717 2676
6722 2679
6727 2678
6732 2678
6737 2676
6742 2675
6747 2677
6752 2677
6757 2677
6762 2675
6767 2674
6772 2677
6777 2677
6782 2676
6787 2675
6792 2676
6797 2677
6802 2676
6807 2676
6812 2676
6817 2674
6822 2676
6827 2676
6832 2677
6837 2677
6842 2677
6847 2675
6852 2676
6857 2676
6862 2676
6867 2675
6872 2675
6877 2677
6882 2676
6887 2676
6892 2677
6897 2675
6902 2677
6907 2677
6912 2676
6917 2676
6922 2677
6927 2676
6932 2677
6937 2678
6942 2679
6947 2677
6952 2677
6957 2676
6962 2676
6967 2677
6972 2676
6977 2678
6982 2674
6987 2676
6992 2677
6997 2679
7002 2678
7007 2676
7012 2676
7017 2677
7022 2678
7027 2676
7032 2674
7037 2677
7042 2677
7047 2675
7052 2675
7057 2677
7062 2676
7067 2675
7072 2677
7077 2677
7082 2675
7087 2676
7092 2678
7097 2675
7102 2675
7107 2675
7112 2681
7117 2675
7122 2677
7127 2677
7132 2675
7137 2681
7142 2677
7147 2675
7152 2676
7157 2678
7162 2676
7167 2676
7172 2676
7177 2676
7182 2679
7187 2678
7192 2680
7197 2674
7202 2674
7207 2676
7212 2675
7217 2677
7222 2676
7227 2675
7232 2676
7237 2677
7242 2673
7247 2677
7252 2675
7257 2678
7262 2682
7267 2661
7272 2746
7277 2674
7282 2680
7287 2677
7292 2674
7297 2675
7302 2676
7307 2676
7312 2677
7317 2672
7322 2676
7327 2675
7332 2675
7337 2682
7342 2676
7347 2676
7352 2677
7357 2677
7362 2677
7367 2678
7372 2679
7377 2675
7382 2675
7387 2676
7392 2677
7397 2678
7402 2677
7407 2677
7412 2676
7417 2676
7422 2660
7427 2605
7432 2655
7437 2712
7442 2670
7447 2677
7452 2653
7457 2570
7462 2735
7467 2678
7472 2678
7477 2676
7482 2678
7487 2677
7492 2675
7497 2677
7502 2676
7507 2676
7512 2675
7517 2676
7522 2676
7527 2677
7532 2678
7537 2675
7542 2677
7547 2676
7552 2676
7557 2677
7562 2678
7567 2676
7572 2678
7577 2677
7582 2677
7587 2675
7592 2675
7597 2676
7602 2676
7607 2677
7612 2677
7617 2676
7622 2677
7627 2674
7632 2675
7637 2676
7642 2676
7647 2678
7652 2676
7657 2677
7662 2677
7667 2675
7672 2678
7677 2677
7682 2677
7687 2675
7692 2676
7697 2677
7702 2677
7707 2678
7712 2675
7717 2676
7722 2675
7727 2676
7732 2674
7737 2677
7742 2677
7747 2676
7752 2676
7757 2678
7762 2675
7767 2676
7772 2679
7777 2678
7782 2677
7787 2677
7792 2676
7797 2677
7802 2677
7807 2677
7812 2676
7817 2676
7822 2678
7827 2676
7832 2675
7837 2676
7842 2675
7847 2677
7852 2675
7857 2677
7862 2676
7867 2677
7872 2675
7877 2676
7882 2678
7887 2678
7892 2676
7897 2675
7902 2676
7907 2677
7912 2675
7917 2676
7922 2676
7927 2675
7932 2677
7937 2677
7942 2679
7947 2676
7952 2677
7957 2675
7962 2674
7967 2676
7972 2676
7977 2676
7982 2677
7987 2678
7992 2674
7997 2676
8002 2675
8007 2678
8012 2678
8017 2676
8022 2677
8027 2678
8032 2676
8037 2677
8042 2679
8047 2675
8052 2676
8057 2677
8062 2676
8067 2677
8072 2676
8077 2681
8082 2677
8087 2676
8092 2679
8097 2675
8102 2677
8107 2675
8112 2676
8117 2676
8122 2675
8127 2680
8132 2676
8137 2676
8142 2676
8147 2677
8152 2678
8157 2678
8162 2676
8167 2677
8172 2676
8177 2676
8182 2677
8187 2676
8192 2677
8197 2678
8202 2679
8207 2677
8212 2677
8217 2674
8222 2678
8227 2676
8232 2676
8237 2676
8242 2675
8247 2676
8252 2677
8257 2675
8262 2675
8267 2676
8272 2677
8277 2677
8282 2678
8287 2677
8292 2675
8297 2677
8302 2678
8307 2678
8312 2677
8317 2678
8322 2676
8327 2676
8332 2676
8337 2676
8342 2677
8347 2678
8352 2677
8357 2679
8362 2676
8367 2678
8372 2675
8377 2674
8382 2679
8387 2678
8392 2678
8397 2676
8402 2676
8407 2678
8412 2677
8417 2676
8422 2677
8427 2682
8432 2677
8437 2676
8442 2676
8447 2677
8452 2676
8457 2676
8462 2677
8467 2679
8472 2676
8477 2678
8482 2676
8487 2675
8492 2677
8497 2678
8502 2676
8507 2674
8512 2675
8517 2676
8522 2676
8527 2676
8532 2677
8537 2677
8542 2676
8547 2677
8552 2676
8557 2678
8562 2675
8567 2677
8572 2677
8577 2675
8582 2675
8587 2676
8592 2677
8597 2677
8602 2677
8607 2677
8612 2677
8617 2678
8622 2676
8627 2677
8632 2680
8637 2675
8642 2677
8647 2677
8652 2678
8657 2676
8662 2677
8667 2678
8672 2677
8677 2678
8682 2677
8687 2677
8692 2676
8697 2676
8702 2677
8707 2674
8712 2678
8717 2677
8722 2676
8727 2672
8732 2670
8737 2677
8742 2674
8747 2677
8752 2679
8757 2677
8762 2676
8767 2673
8772 2678
8777 2676
8782 2677
8787 2678
8792 2677
8797 2676
8802 2675
8807 2673
8812 2678
8817 2677
8822 2677
8827 2677
8832 2677
8837 2676
8842 2678
8847 2677
8852 2676
8857 2679
8862 2677
8867 2674
8872 2676
8877 2676
8882 2680
8887 2676
8892 2677
8897 2678
8902 2677
8907 2675
8912 2674
8917 2677
8922 2676
8927 2678
8932 2680
8937 2678
8942 2678
8947 2677
8952 2678
8957 2677
8962 2676
8967 2676
8972 2678
8977 2677
8982 2678
8987 2676
8992 2674
8997 2677
9002 2675
9007 2677
9012 2676
9017 2678
9022 2676
9027 2678
9032 2679
9037 2676
9042 2677
9047 2676
9052 2676
9057 2679
9062 2678
9067 2678
9072 2677
9077 2676
9082 2678
9087 2678
9092 2677
9097 2676
9102 2676
9107 2678
9112 2677
9117 2677
9122 2677
9127 2675
9132 2673
9137 2678
9142 2677
9147 2676
9152 2668
9157 2641
9162 2569
9167 2691
9172 2682
9177 2678
9182 2676
9187 2675
9192 2676
9197 2676
9202 2676
9207 2677
9212 2673
9217 2585
9222 2720
9227 2685
9232 2679
9237 2674
9242 2677
9247 2677
9252 2676
9257 2676
9262 2677
9267 2676
9272 2677
9277 2677
9282 2677
9287 2678
9292 2676
9297 2677
9302 2679
9307 2679
9312 2677
9317 2677
9322 2677
9327 2676
9332 2677
9337 2678
9342 2676
9347 2677
9352 2678
9357 2677
9362 2676
9367 2676
9372 2675
9377 2675
9382 2677
9387 2678
9392 2677
9397 2677
9402 2677
9407 2676
9412 2677
9417 2678
9422 2676
9427 2677
9432 2677
9437 2678
9442 2675
9447 2675
9452 2677
9457 2676
9462 2677
9467 2677
9472 2677
9477 2677
9482 2678
9487 2679
9492 2675
9497 2672
9502 2674
9507 2677
9512 2677
9517 2679
9522 2678
9527 2676
9532 2677
9537 2677
9542 2675
9547 2677
9552 2677
9557 2677
9562 2678
9567 2676
9572 2676
9577 2679
9582 2678
9587 2676
9592 2678
9597 2683
9602 2672
9607 2705
9612 2672
9617 2679
9622 2677
9627 2676
9632 2676
9637 2678
9642 2677
9647 2677
9652 2678
9657 2677
9662 2676
9667 2675
9672 2676
9677 2676
9682 2676
9687 2679
9692 2676
9697 2678
9702 2677
9707 2677
9712 2676
9717 2676
9722 2677
9727 2678
9732 2677
9737 2679
9742 2677
9747 2675
9752 2676
9757 2676
9762 2675
9767 2676
9772 2677
9777 2675
9782 2678
9787 2678
9792 2676
9797 2676
9802 2675
9807 2679
9812 2674
9817 2677
9822 2677
9827 2676
9832 2676
9837 2678
9842 2677
9847 2677
9852 2680
9857 2674
9862 2676
9867 2677
9872 2677
9877 2678
9882 2677
9887 2676
9892 2677
9897 2676
9902 2676
9907 2677
9912 2674
9917 2678
9922 2677
9927 2675
9932 2677
9937 2676
9942 2676
9947 2676
9952 2676
9957 2676
9962 2678
9967 2679
9972 2676
9977 2675
9982 2689
9987 2677
9992 2674
9997 2676
10002 2678
10007 2680
10012 2677
10017 2680
10022 2676
10027 2674
10032 2678
10037 2677
10042 2675
10047 2676
10052 2678
10057 2676
10062 2677
10067 2677
10072 2676
10077 2676
10082 2675
10087 2676
10092 2676
10097 2677
10102 2676
10107 2677
10112 2676
10117 2676
10122 2676
10127 2678
10132 2674
10137 2678
10142 2676
10147 2674
10152 2676
10157 2675
10162 2676
10167 2677
10172 2678
10177 2678
10182 2678
10187 2678
10192 2677
10197 2674
10202 2675
10207 2677
10212 2676
10217 2677
10222 2677
10227 2674
10232 2678
10237 2676
10242 2677
10247 2677
10252 2677
10257 2678
10262 2678
10267 2678
10272 2676
10277 2677
10282 2678
10287 2678
10292 2678
10297 2675
10302 2674
10307 2678
10312 2676
10317 2676
10322 2676
10327 2676
10332 2677
10337 2677
10342 2675
10347 2676
10352 2676
10357 2678
10362 2677
10367 2676
10372 2677
10377 2674
10382 2677
10387 2675
10392 2679
10397 2676
10402 2677
10407 2678
10412 2676
10417 2677
10422 2676
10427 2674
10432 2677
10437 2678
10442 2678
10447 2677
10452 2676
10457 2676
10462 2677
10467 2676
10472 2676
10477 2676
10482 2677
10487 2677
10492 2678
10497 2679
10502 2675
10507 2676
10512 2677
10517 2677
10522 2680
10527 2679
10532 2674
10537 2677
10542 2678
10547 2676
10552 2677
10557 2677
10562 2676
10567 2677
10572 2677
10577 2675
10582 2676
10587 2676
10592 2676
10597 2677
10602 2678
10607 2676
10612 2678
10617 2676
10622 2677
10627 2678
10632 2680
10637 2677
10642 2678
10647 2678
10652 2678
10657 2677
10662 2676
10667 2676
10672 2677
10677 2677
10682 2678
10687 2677
10692 2677
10697 2679
10702 2677
10707 2675
10712 2678
10717 2676
10722 2676
10727 2675
10732 2675
10737 2676
10742 2675
10747 2676
10752 2677
10757 2678
10762 2676
10767 2677
10772 2676
10777 2676
10782 2677
10787 2675
10792 2676
10797 2675
10802 2677
10807 2677
10812 2677
10817 2677
10822 2677
10827 2677
10832 2675
10837 2676
10842 2675
10847 2678
10852 2676
10857 2676
10862 2678
10867 2676
10872 2677
10877 2675
10882 2677
10887 2677
10892 2675
10897 2676
10902 2678
10907 2677
10912 2676
10917 2675
10922 2676
10927 2677
10932 2676
10937 2676
10942 2676
10947 2677
10952 2678
10957 2677
10962 2677
10967 2676
10972 2675
10977 2676
10982 2677
10987 2677
10992 2678
10997 2676
11002 2676
11007 2676
11012 2674
11017 2678
11022 2675
11027 2678
11032 2675
11037 2678
11042 2675
11047 2678
11052 2677
11057 2676
11062 2676
11067 2675
11072 2677
11077 2677
11082 2678
11087 2675
11092 2676
11097 2676
11102 2677
11107 2676
11112 2677
11117 2679
11122 2676
11127 2676
11132 2678
11137 2678
11142 2680
11147 2676
11152 2677
11157 2676
11162 2676
11167 2676
11172 2679
11177 2679
11182 2675
11187 2676
11192 2677
11197 2678
11202 2677
11207 2677
11212 2675
11217 2678
11222 2677
11227 2678
11232 2679
11237 2677
11242 2677
11247 2677
11252 2680
11257 2676
11262 2677
11267 2679
11272 2676
11277 2675
11282 2678
11287 2676
11292 2677
11297 2675
11302 2679
11307 2677
11312 2676
11317 2675
11322 2677
11327 2675
11332 2676
11337 2674
11342 2675
11347 2678
11352 2675
11357 2677
11362 2676
11367 2677
11372 2677
11377 2676
11382 2676
11387 2676
11392 2679
11397 2679
11402 2675
11407 2677
11412 2676
11417 2675
11422 2675
11427 2677
11432 2678
11437 2677
11442 2677
11447 2677
11452 2677
11457 2674
11462 2677
11467 2677
11472 2674
11477 2678
11482 2672
11487 2676
11492 2677
11497 2676
11502 2676
11507 2676
11512 2673
11517 2677
11522 2674
11527 2675
11532 2675
11537 2676
11542 2675
11547 2676
11552 2679
11557 2676
11562 2674
11567 2677
11572 2677
11577 2676
11582 2678
11587 2677
11592 2675
11597 2678
11602 2676
11607 2675
11612 2677
11617 2676
11622 2675
11627 2676
11632 2677
11637 2677
11642 2678
11647 2675
11652 2676
11657 2677
11662 2675
11667 2677
11672 2674
11677 2675
11682 2678
11687 2678
11692 2676
11697 2676
11702 2675
11707 2676
11712 2675
11717 2675
11722 2678
11727 2674
11732 2677
11737 2676
11742 2678
11747 2676
11752 2676
11757 2674
11762 2677
11767 2676
11772 2677
11777 2676
11782 2675
11787 2676
11792 2676
11797 2676
11802 2675
11807 2676
11812 2679
11817 2675
11822 2675
11827 2675
11832 2676
11837 2677
11842 2675
11847 2675
11852 2676
11857 2675
11862 2677
11867 2676
11872 2677
11877 2676
11882 2676
11887 2676
11892 2676
11897 2674
11902 2677
11907 2675
11912 2678
11917 2679
11922 2678
11927 2677
11932 2676
11937 2676
11942 2675
11947 2675
11952 2677
11957 2675
11962 2676
11967 2675
11972 2677
11977 2679
11982 2677
11987 2674
11992 2677
11997 2678
12002 2676
12007 2675
12012 2676
12017 2676
12022 2676
12027 2676
12032 2677
12037 2674
12042 2676
12047 2677
12052 2675
12057 2677
12062 2679
12067 2678
12072 2677
12077 2678
12082 2678
12087 2675
12092 2675
12097 2675
12102 2677
12107 2675
12112 2677
12117 2678
12122 2674
12127 2675
12132 2676
12137 2677
12142 2675
12147 2676
12152 2676
12157 2677
12162 2676
12167 2676
12172 2677
12177 2678
12182 2677
12187 2676
12192 2677
12197 2676
12202 2677
12207 2675
12212 2677
12217 2675
12222 2676
12227 2677
12232 2675
12237 2676
12242 2677
12247 2676
12252 2676
12257 2678
12262 2676
12267 2676
12272 2676
12277 2677
12282 2677
12287 2677
12292 2675
12297 2677
12302 2677
12307 2675
12312 2676
12317 2675
12322 2677
12327 2677
12332 2676
12337 2675
12342 2674
12347 2677
12352 2676
12357 2675
12362 2676
12367 2679
12372 2677
12377 2677
12382 2677
12387 2676
12392 2677
12397 2676
12402 2676
12407 2675
12412 2677
12417 2672
12422 2677
12427 2675
12432 2678
12437 2675
12442 2677
12447 2675
12452 2675
12457 2675
12462 2676
12467 2676
12472 2677
12477 2676
12482 2674
12487 2675
12492 2676
12497 2676
12502 2676
12507 2674
12512 2674
12517 2676
12522 2678
12527 2676
12532 2677
12537 2677
12542 2675
12547 2676
12552 2676
12557 2677
12562 2676
12567 2677
12572 2678
12577 2674
12582 2675
12587 2676
12592 2676
12597 2676
12602 2677
12607 2676
12612 2677
12617 2676
12622 2676
12627 2676
12632 2676
12637 2676
12642 2674
12647 2676
12652 2677
12657 2676
12662 2675
12667 2677
12672 2675
12677 2678
12682 2676
12687 2677
12692 2677
12697 2677
12702 2677
12707 2678
12712 2677
12717 2676
12722 2675
12727 2675
12732 2675
12737 2673
12742 2669
12747 2676
12752 2677
12757 2677
12762 2674
12767 2677
12772 2676
12777 2675
12782 2677
12787 2678
12792 2676
12797 2677
12802 2674
12807 2679
12812 2674
12817 2677
12822 2676
12827 2677
12832 2676
12837 2678
12842 2677
12847 2676
12852 2675
12857 2677
12862 2676
12867 2676
12872 2677
12877 2673
12882 2677
12887 2675
12892 2677
12897 2676
12902 2677
12907 2676
12912 2676
12917 2678
12922 2677
12927 2674
12932 2677
12937 2675
12942 2677
12947 2678
12952 2676
12957 2675
12962 2674
12967 2675
12972 2677
12977 2679
12982 2677
12987 2677
12992 2679
12997 2674
13002 2675
13007 2676
13012 2676
13017 2679
13022 2675
13027 2677
13032 2676
13037 2675
13042 2675
13047 2674
13052 2677
13057 2677
13062 2677
13067 2674
13072 2676
13077 2676
13082 2676
13087 2676
13092 2674
13097 2677
13102 2676
13107 2675
13112 2675
13117 2677
13122 2676
13127 2674
13132 2676
13137 2677
13142 2677
13147 2675
13152 2679
13157 2677
13162 2677
13167 2676
13172 2675
13177 2675
13182 2678
13187 2676
13192 2676
13197 2671
13202 2676
13207 2677
13212 2675
13217 2677
13222 2676
13227 2676
13232 2677
13237 2675
13242 2677
13247 2675
13252 2676
13257 2676
13262 2676
13267 2675
13272 2677
13277 2676
13282 2677
13287 2674
13292 2677
13297 2677
13302 2678
13307 2676
13312 2678
13317 2675
13322 2678
13327 2676
13332 2675
13337 2678
13342 2676
13347 2676
13352 2674
13357 2676
13362 2676
13367 2674
13372 2675
13377 2676
13382 2675
13387 2676
13392 2677
13397 2675
13402 2675
13407 2674
13412 2676
13417 2675
13422 2675
13427 2675
13432 2678
13437 2677
13442 2677
13447 2677
13452 2675
13457 2676
13462 2674
13467 2675
13472 2676
13477 2677
13482 2676
13487 2676
13492 2675
13497 2675
13502 2676
13507 2675
13512 2675
13517 2676
13522 2674
13527 2676
13532 2677
13537 2674
13542 2679
13547 2678
13552 2677
13557 2676
13562 2675
13567 2677
13572 2676
13577 2676
13582 2677
13587 2675
13592 2677
13597 2677
13602 2675
13607 2676
13612 2679
13617 2675
13622 2705
13627 2694
13632 2678
13637 2678
13642 2620
13647 2524
13652 2736
13657 2673
13662 2676
13667 2679
13672 2675
13677 2675
13682 2675
13687 2676
13692 2675
13697 2675
13702 2677
13707 2676
13712 2676
13717 2678
13722 2676
13727 2676
13732 2677
13737 2677
13742 2677
13747 2675
13752 2675
13757 2675
13762 2678
13767 2675
13772 2675
13777 2677
13782 2677
13787 2676
13792 2678
13797 2676
13802 2675
13807 2676
13812 2676
13817 2677
13822 2676
13827 2676
13832 2676
13837 2677
13842 2676
13847 2678
13852 2647
13857 2634
13862 2680
13867 2675
13872 2676
13877 2676
13882 2675
13887 2677
13892 2675
13897 2677
13902 2676
13907 2675
13912 2675
13917 2675
13922 2675
13927 2676
13932 2677
13937 2678
13942 2677
13947 2675
13952 2677
13957 2675
13962 2676
13967 2676
13972 2677
13977 2677
13982 2675
13987 2677
13992 2675
13997 2674
14002 2676
14007 2677
14012 2677
14017 2675
14022 2676
14027 2678
14032 2678
14037 2676
14042 2675
14047 2675
14052 2678
14057 2676
14062 2673
14067 2679
14072 2674
14077 2678
14082 2676
14087 2677
14092 2677
14097 2675
14102 2676
14107 2673
14112 2674
14117 2658
14122 2581
14127 2735
14132 2670
14137 2676
14142 2678
14147 2675
14152 2676
14157 2673
14162 2676
14167 2677
14172 2675
14177 2676
14182 2678
14187 2676
14192 2675
14197 2674
14202 2677
14207 2676
14212 2677
14217 2676
14222 2676
14227 2677
14232 2676
14237 2677
14242 2677
14247 2678
14252 2675
14257 2675
14262 2676
14267 2675
14272 2677
14277 2678
14282 2675
14287 2676
14292 2676
14297 2675
14302 2675
14307 2675
14312 2672
14317 2675
14322 2676
14327 2677
14332 2676
14337 2675
14342 2676
14347 2677
14352 2675
14357 2675
14362 2677
14367 2677
14372 2677
14377 2678
14382 2675
14387 2679
14392 2675
14397 2675
14402 2679
14407 2678
14412 2675
14417 2676
14422 2676
14427 2677
14432 2677
14437 2676
14442 2677
14447 2671
14452 2677
14457 2676
14462 2677
14467 2678
14472 2676
14477 2678
14482 2676
14487 2676
14492 2675
14497 2675
14502 2675
14507 2676
14512 2676
14517 2676
14522 2676
14527 2676
14532 2682
14537 2677
14542 2679
14547 2676
14552 2676
14557 2676
14562 2679
14567 2675
14572 2678
14577 2679
14582 2677
14587 2675
14592 2676
14597 2676
14602 2676
14607 2676
14612 2677
14617 2675
14622 2676
14627 2677
14632 2677
14637 2676
14642 2676
14647 2676
14652 2676
14657 2674
14662 2677
14667 2675
14672 2678
14677 2677
14682 2675
14687 2679
14692 2675
14697 2680
14702 2676
14707 2677
14712 2677
14717 2677
14722 2676
14727 2676
14732 2676
14737 2676
14742 2677
14747 2677
14752 2679
14757 2676
14762 2676
14767 2677
14772 2677
14777 2678
14782 2675
14787 2677
14792 2675
14797 2676
14802 2677
14807 2677
14812 2678
14817 2677
14822 2677
14827 2680
14832 2675
14837 2675
14842 2677
14847 2676
14852 2678
14857 2677
14862 2678
14867 2676
14872 2674
14877 2671
14882 2677
14887 2675
14892 2677
14897 2678
14902 2675
14907 2675
14912 2676
14917 2676
14922 2677
14927 2678
14932 2674
14937 2676
14942 2674
14947 2678
14952 2677
14957 2677
14962 2676
14967 2675
14972 2677
14977 2675
14982 2676
14987 2679
14992 2678
14997 2676
15002 2676
15007 2679
15012 2677
15017 2677
15022 2676
15027 2676
15032 2674
15037 2677
15042 2676
15047 2677
15052 2675
15057 2677
15062 2677
15067 2676
15072 2675
15077 2677
15082 2676
15087 2677
15092 2676
15097 2675
15102 2676
15107 2676
15112 2676
15117 2676
15122 2674
15127 2677
15132 2678
15137 2678
15142 2676
15147 2675
15152 2675
15157 2679
15162 2675
15167 2675
15172 2676
15177 2676
15182 2673
15187 2674
15192 2676
15197 2677
15202 2676
15207 2675
15212 2676
15217 2677
15222 2676
15227 2676
15232 2677
15237 2678
15242 2677
15247 2677
15252 2677
15257 2674
15262 2676
15267 2676
15272 2676
15277 2674
15282 2677
15287 2676
15292 2676
15297 2675
15302 2676
15307 2676
15312 2676
15317 2677
15322 2676
15327 2678
15332 2677
15337 2677
15342 2675
15347 2678
15352 2677
15357 2675
15362 2676
15367 2676
15372 2676
15377 2676
15382 2677
15387 2677
15392 2672
15397 2677
15402 2675
15407 2676
15412 2675
15417 2676
15422 2677
15427 2677
15432 2677
15437 2676
15442 2677
15447 2675
15452 2677
15457 2677
15462 2676
15467 2677
15472 2676
15477 2679
15482 2676
15487 2675
15492 2676
15497 2675
15502 2675
15507 2678
15512 2677
15517 2676
15522 2676
15527 2677
15532 2678
15537 2675
15542 2676
15547 2689
15552 2693
15557 2674
15562 2676
15567 2675
15572 2674
15577 2676
15582 2675
15587 2678
15592 2675
15597 2674
15602 2677
15607 2678
15612 2675
15617 2676
15622 2676
15627 2676
15632 2677
15637 2677
15642 2677
15647 2677
15652 2676
15657 2675
15662 2678
15667 2678
15672 2676
15677 2676
15682 2677
15687 2675
15692 2677
15697 2676
15702 2676
15707 2677
15712 2676
15717 2675
15722 2678
15727 2675
15732 2676
15737 2676
15742 2676
15747 2678
15752 2677
15757 2668
15762 2676
15767 2676
15772 2675
15777 2678
15782 2676
15787 2675
15792 2678
15797 2676
15802 2678
15807 2676
15812 2675
15817 2676
15822 2678
15827 2677
15832 2674
15837 2679
15842 2677
15847 2676
15852 2677
15857 2676
15862 2674
15867 2677
15872 2677
15877 2675
15882 2677
15887 2676
15892 2677
15897 2675
15902 2676
15907 2674
15912 2671
15917 2673
15922 2676
15927 2676
15932 2676
15937 2675
15942 2675
15947 2676
15952 2675
15957 2675
15962 2676
15967 2675
15972 2676
15977 2679
15982 2678
15987 2677
15992 2673
15997 2677
16002 2676
16007 2676
16012 2674
16017 2676
16022 2677
16027 2678
16032 2675
16037 2676
16042 2677
16047 2679
16052 2675
16057 2676
16062 2679
16067 2676
16072 2678
16077 2676
16082 2675
16087 2676
16092 2677
16097 2675
16102 2675
16107 2676
16112 2675
16117 2677
16122 2676
16127 2677
16132 2677
16137 2677
16142 2677
16147 2677
16152 2677
16157 2676
16162 2675
16167 2676
16172 2675
16177 2679
16182 2676
16187 2678
16192 2677
16197 2678
16202 2676
16207 2675
16212 2676
16217 2675
16222 2682
16227 2686
16232 2678
16237 2675
16242 2677
16247 2676
16252 2674
16257 2676
16262 2678
16267 2679
16272 2676
16277 2677
16282 2676
16287 2677
16292 2674
16297 2677
16302 2677
16307 2677
16312 2677
16317 2677
16322 2677
16327 2676
16332 2676
16337 2678
16342 2676
16347 2676
16352 2675
16357 2680
16362 2676
16367 2677
16372 2675
16377 2677
16382 2678
16387 2678
16392 2677
16397 2676
16402 2677
16407 2677
16412 2674
16417 2676
16422 2677
16427 2677
16432 2674
16437 2676
16442 2676
16447 2676
16452 2675
16457 2678
16462 2675
16467 2675
16472 2677
16477 2677
16482 2676
16487 2676
16492 2676
16497 2677
16502 2675
16507 2675
16512 2677
16517 2676
16522 2676
16527 2674
16532 2677
16537 2675
16542 2676
16547 2675
16552 2675
16557 2677
16562 2676
16567 2676
16572 2676
16577 2677
16582 2677
16587 2677
16592 2677
16597 2679
16602 2675
16607 2675
16612 2676
16617 2676
16622 2676
16627 2676
16632 2675
16637 2676
16642 2675
16647 2677
16652 2676
16657 2677
16662 2676
16667 2676
16672 2677
16677 2676
16682 2675
16687 2676
16692 2677
16697 2674
16702 2675
16707 2677
16712 2674
16717 2675
16722 2674
16727 2677
16732 2677
16737 2676
16742 2677
16747 2676
16752 2676
16757 2674
16762 2678
16767 2676
16772 2675
16777 2675
16782 2676
16787 2675
16792 2675
16797 2678
16802 2678
16807 2675
16812 2674
16817 2678
16822 2674
16827 2676
16832 2674
16837 2675
16842 2675
16847 2676
16852 2676
16857 2675
16862 2675
16867 2676
16872 2676
16877 2676
16882 2675
16887 2677
16892 2677
16897 2677
16902 2676
16907 2674
16912 2675
16917 2676
16922 2674
16927 2676
16932 2676
16937 2677
16942 2675
16947 2678
16952 2677
16957 2676
16962 2676
16967 2678
16972 2676
16977 2678
16982 2677
16987 2677
16992 2677
16997 2677
17002 2676
17007 2678
17012 2675
17017 2676
17022 2675
17027 2680
17032 2675
17037 2678
17042 2676
17047 2675
17052 2675
17057 2678
17062 2675
17067 2676
17072 2677
17077 2676
17082 2673
17087 2675
17092 2674
17097 2678
17102 2677
17107 2677
17112 2676
17117 2676
17122 2676
17127 2676
17132 2675
17137 2674
17142 2675
17147 2676
17152 2676
17157 2675
17162 2675
17167 2678
17172 2675
17177 2677
17182 2674
17187 2675
17192 2679
17197 2675
17202 2677
17207 2677
17212 2678
17217 2675
17222 2679
17227 2676
17232 2675
17237 2678
17242 2677
17247 2675
17252 2677
17257 2677
17262 2677
17267 2676
17272 2677
17277 2675
17282 2676
17287 2676
17292 2677
17297 2678
17302 2676
17307 2676
17312 2676
17317 2677
17322 2678
17327 2677
17332 2675
17337 2676
17342 2677
17347 2676
17352 2675
17357 2676
17362 2674
17367 2677
17372 2677
17377 2675
17382 2674
17387 2677
17392 2677
17397 2676
17402 2677
17407 2674
17412 2675
17417 2676
17422 2676
17427 2676
17432 2676
17437 2677
17442 2676
17447 2676
17452 2680
17457 2675
17462 2675
17467 2676
17472 2677
17477 2677
17482 2676
17487 2675
17492 2675
17497 2677
17502 2678
17507 2676
17512 2676
17517 2676
17522 2677
17527 2675
17532 2675
17537 2675
17542 2676
17547 2675
17552 2678
17557 2675
17562 2676
17567 2675
17572 2678
17577 2676
17582 2677
17587 2677
17592 2675
17597 2677
17602 2677
17607 2677
17612 2679
17617 2677
17622 2674
17627 2675
17632 2677
17637 2676
17642 2675
17647 2676
17652 2675
17657 2677
17662 2675
17667 2677
17672 2676
17677 2675
17682 2676
17687 2674
17692 2675
17697 2676
17702 2677
17707 2678
17712 2676
17717 2676
17722 2675
17727 2677
17732 2675
17737 2677
17742 2677
17747 2676
17752 2676
17757 2675
17762 2674
17767 2675
17772 2678
17777 2676
17782 2677
17787 2677
17792 2678
17797 2675
17802 2675
17807 2675
17812 2677
17817 2678
17822 2675
17827 2676
17832 2676
17837 2675
17842 2677
17847 2675
17852 2674
17857 2676
17862 2676
17867 2676
17872 2675
17877 2677
17882 2676
17887 2677
17892 2676
17897 2678
17902 2676
17907 2675
17912 2676
17917 2675
17922 2675
17927 2677
17932 2675
17937 2676
17942 2676
17947 2675
17952 2676
17957 2677
17962 2676
17967 2678
17972 2675
17977 2681
17982 2676
17987 2677
17992 2675
17997 2676
18002 2677
18007 2678
18012 2676
18017 2678
18022 2677
18027 2675
18032 2676
18037 2675
18042 2678
18047 2675
18052 2675
18057 2677
18062 2676
18067 2676
18072 2677
18077 2677
18082 2675
18087 2677
18092 2676
18097 2678
18102 2677
18107 2677
18112 2677
18117 2675
18122 2675
18127 2675
18132 2676
18137 2676
18142 2676
18147 2674
18152 2678
18157 2676
18162 2676
18167 2678
18172 2676
18177 2678
18182 2677
18187 2677
18192 2674
18197 2678
18202 2677
18207 2675
18212 2675
18217 2676
18222 2675
18227 2675
18232 2675
18237 2676
18242 2676
18247 2677
18252 2676
18257 2676
18262 2677
18267 2676
18272 2676
18277 2677
18282 2675
18287 2677
18292 2677
18297 2677
18302 2679
18307 2676
18312 2677
18317 2675
18322 2677
18327 2674
18332 2676
18337 2677
18342 2676
18347 2675
18352 2674
18357 2676
18362 2677
18367 2677
18372 2676
18377 2677
18382 2674
18387 2676
18392 2677
18397 2677
18402 2679
18407 2676
18412 2677
18417 2675
18422 2678
18427 2677
18432 2680
18437 2677
18442 2677
18447 2678
18452 2678
18457 2676
18462 2677
18467 2677
18472 2677
18477 2677
18482 2676
18487 2677
18492 2676
18497 2675
18502 2680
18507 2674
18512 2678
18517 2676
18522 2676
18527 2676
18532 2674
18537 2679
18542 2675
18547 2676
18552 2677
18557 2678
18562 2677
18567 2679
18572 2675
18577 2678
18582 2676
18587 2677
18592 2677
18597 2677
18602 2678
18607 2676
18612 2676
18617 2677
18622 2676
18627 2677
18632 2676
18637 2679
18642 2676
18647 2677
18652 2675
18657 2677
18662 2677
18667 2677
18672 2676
18677 2677
18682 2675
18687 2675
18692 2676
18697 2675
18702 2677
18707 2675
18712 2676
18717 2676
18722 2675
18727 2676
18732 2677
18737 2673
18742 2676
18747 2675
18752 2676
18757 2676
18762 2676
18767 2676
18772 2677
18777 2677
18782 2677
18787 2677
18792 2676
18797 2677
18802 2676
18807 2678
18812 2677
18817 2679
18822 2676
18827 2681
18832 2677
18837 2677
18842 2676
18847 2676
18852 2680
18857 2676
18862 2676
18867 2678
18872 2677
18877 2676
18882 2676
18887 2676
18892 2675
18897 2678
18902 2676
18907 2678
18912 2676
18917 2674
18922 2677
18927 2677
18932 2677
18937 2676
18942 2677
18947 2676
18952 2675
18957 2677
18962 2678
18967 2676
18972 2679
18977 2677
18982 2677
18987 2678
18992 2679
18997 2675
19002 2681
19007 2678
19012 2677
19017 2677
19022 2674
19027 2675
19032 2675
19037 2676
19042 2676
19047 2675
19052 2677
19057 2677
19062 2676
19067 2678
19072 2676
19077 2677
19082 2677
19087 2675
19092 2676
19097 2678
19102 2676
19107 2678
19112 2676
19117 2677
19122 2677
19127 2677
19132 2677
19137 2676
19142 2676
19147 2677
19152 2677
19157 2677
19162 2674
19167 2676
19172 2675
19177 2677
19182 2680
19187 2677
19192 2677
19197 2676
19202 2679
19207 2676
19212 2676
19217 2676
19222 2676
19227 2677
19232 2676
19237 2678
19242 2677
19247 2677
19252 2677
19257 2677
19262 2676
19267 2675
19272 2676
19277 2676
19282 2677
19287 2677
19292 2676
19297 2676
19302 2676
19307 2676
19312 2676
19317 2677
19322 2676
19327 2677
19332 2676
19337 2675
19342 2677
19347 2676
19352 2677
19357 2675
19362 2676
19367 2677
19372 2677
19377 2676
19382 2677
19387 2674
19392 2676
19397 2677
19402 2675
19407 2677
19412 2677
19417 2675
19422 2678
19427 2675
19432 2677
19437 2675
19442 2676
19447 2677
19452 2677
19457 2678
19462 2678
19467 2675
19472 2684
19477 2704
19482 2723
19487 2671
19492 2675
19497 2682
19502 2689
19507 2680
19512 2675
19517 2678
19522 2676
19527 2677
19532 2674
19537 2678
19542 2676
19547 2676
19552 2678
19557 2676
19562 2676
19567 2677
19572 2680
19577 2675
19582 2678
19587 2677
19592 2678
19597 2678
19602 2676
19607 2675
19612 2675
19617 2677
19622 2677
19627 2677
19632 2677
19637 2676
19642 2677
19647 2676
19652 2677
19657 2675
19662 2677
19667 2677
19672 2677
19677 2675
19682 2675
19687 2678
19692 2676
19697 2677
19702 2677
19707 2677
19712 2675
19717 2677
19722 2674
19727 2676
19732 2676
19737 2677
19742 2678
19747 2675
19752 2678
19757 2677
19762 2676
19767 2677
19772 2676
19777 2676
19782 2677
19787 2675
19792 2677
19797 2675
19802 2677
19807 2676
19812 2675
19817 2675
19822 2679
19827 2677
19832 2676
19837 2676
19842 2676
19847 2676
19852 2675
19857 2676
19862 2677
19867 2676
19872 2675
19877 2677
19882 2677
19887 2674
19892 2677
19897 2675
19902 2676
19907 2677
19912 2675
19917 2677
19922 2678
19927 2677
19932 2676
19937 2676
19942 2679
19947 2680
19952 2676
19957 2675
19962 2677
19967 2676
19972 2677
19977 2676
19982 2677
19987 2675
19992 2677
19997 2676
20002 2677
20007 2678
20012 2676
20017 2677
20022 2676
20027 2678
20032 2665
20037 2664
20042 2549
20047 2746
20052 2675
20057 2677
20062 2677
20067 2676
20072 2678
20077 2677
20082 2676
20087 2677
20092 2675
20097 2676
20102 2676
20107 2676
20112 2680
20117 2677
20122 2677
20127 2677
20132 2677
20137 2675
20142 2676
20147 2677
20152 2680
20157 2675
20162 2679
20167 2676
20172 2677
20177 2677
20182 2675
20187 2677
20192 2675
20197 2679
20202 2675
20207 2675
20212 2675
20217 2676
20222 2675
20227 2676
20232 2678
20237 2676
20242 2677
20247 2675
20252 2676
20257 2676
20262 2676
20267 2677
20272 2676
20277 2677
20282 2676
20287 2677
20292 2678
20297 2677
20302 2674
20307 2676
20312 2675
20317 2677
20322 2677
20327 2676
20332 2678
20337 2677
20342 2676
20347 2676
20352 2677
20357 2673
20362 2671
20367 2673
20372 2676
20377 2675
20382 2677
20387 2675
20392 2677
20397 2679
20402 2677
20407 2677
20412 2676
20417 2677
20422 2676
20427 2675
20432 2676
20437 2677
20442 2679
20447 2678
20452 2678
20457 2677
20462 2675
20467 2676
20472 2675
20477 2676
20482 2676
20487 2677
20492 2676
20497 2678
20502 2677
20507 2677
20512 2677
20517 2674
20522 2678
20527 2675
20532 2677
20537 2677
20542 2678
20547 2677
20552 2677
20557 2676
20562 2678
20567 2679
20572 2678
20577 2675
20582 2677
20587 2677
20592 2675
20597 2675
20602 2676
20607 2678
20612 2676
20617 2677
20622 2678
20627 2677
20632 2677
20637 2677
20642 2675
20647 2676
20652 2678
20657 2678
20662 2673
20667 2677
20672 2675
20677 2677
20682 2677
20687 2675
20692 2678
20697 2677
20702 2677
20707 2675
20712 2674
20717 2677
20722 2676
20727 2677
20732 2678
20737 2677
20742 2676
20747 2675
20752 2676
20757 2675
20762 2676
20767 2676
20772 2676
20777 2676
20782 2675
20787 2676
20792 2677
20797 2677
20802 2675
20807 2678
20812 2676
20817 2676
20822 2675
20827 2676
20832 2677
20837 2678
20842 2676
20847 2677
20852 2674
20857 2676
20862 2675
20867 2678
20872 2678
20877 2677
20882 2677
20887 2678
20892 2676
20897 2683
20902 2689
20907 2697
20912 2673
20917 2677
20922 2676
20927 2677
20932 2676
20937 2677
20942 2677
20947 2677
20952 2678
20957 2677
20962 2675
20967 2678
20972 2677
20977 2676
20982 2674
20987 2677
20992 2676
20997 2676
21002 2675
21007 2676
21012 2675
21017 2677
21022 2678
21027 2676
21032 2678
21037 2677
21042 2679
21047 2676
21052 2676
21057 2675
21062 2678
21067 2677
21072 2677
21077 2676
21082 2677
21087 2676
21092 2676
21097 2677
21102 2676
21107 2677
21112 2675
21117 2677
21122 2678
21127 2675
21132 2677
21137 2675
21142 2674
21147 2678
21152 2674
21157 2678
21162 2676
21167 2676
21172 2677
21177 2674
21182 2677
21187 2676
21192 2676
21197 2678
21202 2678
21207 2676
21212 2676
21217 2678
21222 2677
21227 2676
21232 2677
21237 2673
21242 2678
21247 2675
21252 2677
21257 2678
21262 2677
21267 2677
21272 2675
21277 2677
21282 2677
21287 2677
21292 2676
21297 2677
21302 2676
21307 2678
21312 2677
21317 2676
21322 2676
21327 2677
21332 2677
21337 2675
21342 2676
21347 2677
21352 2678
21357 2675
21362 2678
21367 2678
21372 2678
21377 2674
21382 2677
21387 2677
21392 2675
21397 2676
21402 2677
21407 2677
21412 2676
21417 2676
21422 2679
21427 2677
21432 2676
21437 2676
21442 2676
21447 2677
21452 2677
21457 2676
21462 2677
21467 2676
21472 2677
21477 2677
21482 2676
21487 2677
21492 2674
21497 2674
21502 2677
21507 2676
21512 2676
21517 2677
21522 2676
21527 2678
21532 2675
21537 2676
21542 2676
21547 2678
21552 2678
21557 2675
21562 2677
21567 2676
21572 2677
21577 2675
21582 2676
21587 2676
21592 2676
21597 2679
21602 2676
21607 2678
21612 2677
21617 2676
21622 2679
21627 2676
21632 2677
21637 2679
21642 2677
21647 2677
21652 2679
21657 2675
21662 2677
21667 2676
21672 2677
21677 2676
21682 2675
21687 2676
21692 2677
21697 2675
21702 2677
21707 2676
21712 2677
21717 2673
21722 2668
21727 2673
21732 2676
21737 2677
21742 2676
21747 2676
21752 2677
21757 2676
21762 2677
21767 2675
21772 2675
21777 2678
21782 2677
21787 2673
21792 2676
21797 2675
21802 2677
21807 2676
21812 2676
21817 2676
21822 2677
21827 2676
21832 2682
21837 2676
21842 2676
21847 2678
21852 2676
21857 2674
21862 2681
21867 2685
21872 2697
21877 2674
21882 2678
21887 2676
21892 2677
21897 2677
21902 2675
21907 2677
21912 2676
21917 2677
21922 2678
21927 2677
21932 2676
21937 2677
21942 2677
21947 2677
21952 2677
21957 2674
21962 2678
21967 2678
21972 2677
21977 2677
21982 2677
21987 2676
21992 2677
21997 2677
22002 2676
22007 2679
22012 2677
22017 2675
22022 2677
22027 2675
22032 2676
22037 2678
22042 2676
22047 2677
22052 2677
22057 2678
22062 2675
22067 2676
22072 2676
22077 2677
22082 2676
22087 2676
22092 2677
22097 2678
22102 2676
22107 2676
22112 2675
22117 2676
22122 2677
22127 2676
22132 2675
22137 2678
22142 2677
22147 2674
22152 2677
22157 2676
22162 2677
22167 2676
22172 2677
22177 2676
22182 2669
22187 2676
22192 2678
22197 2675
22202 2675
22207 2676
22212 2678
22217 2674
22222 2676
22227 2676
22232 2676
22237 2677
22242 2676
22247 2676
22252 2674
22257 2678
22262 2677
22267 2676
22272 2676
22277 2676
22282 2676
22287 2677
22292 2676
22297 2676
22302 2677
22307 2678
22312 2676
22317 2677
22322 2678
22327 2676
22332 2679
22337 2678
22342 2676
22347 2676
22352 2676
22357 2676
22362 2677
22367 2677
22372 2672
22377 2671
22382 2677
22387 2676
22392 2678
22397 2677
22402 2676
22407 2678
22412 2677
22417 2675
22422 2679
22427 2659
22432 2649
22437 2701
22442 2671
22447 2677
22452 2676
22457 2676
22462 2676
22467 2676
22472 2676
22477 2676
22482 2678
22487 2676
22492 2676
22497 2678
22502 2677
22507 2677
22512 2675
22517 2677
22522 2677
22527 2679
22532 2679
22537 2676
22542 2676
22547 2676
22552 2675
22557 2676
22562 2677
22567 2675
22572 2675
22577 2674
22582 2675
22587 2676
22592 2679
22597 2677
22602 2676
22607 2683
22612 2678
22617 2676
22622 2676
22627 2678
22632 2676
22637 2675
22642 2678
22647 2677
22652 2679
22657 2676
22662 2677
22667 2676
22672 2675
22677 2675
22682 2678
22687 2676
22692 2676
22697 2677
22702 2677
22707 2678
22712 2682
22717 2678
22722 2676
22727 2676
22732 2674
22737 2677
22742 2679
22747 2675
22752 2676
22757 2678
22762 2676
22767 2681
22772 2678
22777 2675
22782 2675
22787 2675
22792 2676
22797 2674
22802 2678
22807 2677
22812 2676
22817 2671
22822 2676
22827 2675
22832 2677
22837 2676
22842 2673
22847 2677
22852 2677
22857 2677
22862 2675
22867 2677
22872 2676
22877 2677
22882 2676
22887 2677
22892 2676
22897 2682
22902 2675
22907 2677
22912 2676
22917 2674
22922 2676
22927 2676
22932 2678
22937 2677
22942 2675
22947 2678
22952 2675
22957 2677
22962 2677
22967 2677
22972 2676
22977 2676
22982 2677
22987 2676
22992 2675
22997 2676
23002 2677
23007 2679
23012 2676
23017 2677
23022 2677
23027 2679
23032 2675
23037 2678
23042 2678
23047 2676
23052 2677
23057 2676
23062 2676
23067 2676
23072 2674
23077 2678
23082 2676
23087 2676
23092 2677
23097 2675
23102 2677
23107 2676
23112 2675
23117 2676
23122 2677
23127 2677
23132 2676
23137 2677
23142 2676
23147 2676
23152 2676
23157 2676
23162 2678
23167 2675
23172 2673
23177 2677
23182 2679
23187 2677
23192 2676
23197 2677
23202 2676
23207 2675
23212 2679
23217 2677
23222 2676
23227 2677
23232 2676
23237 2679
23242 2675
23247 2674
23252 2677
23257 2677
23262 2675
23267 2677
23272 2678
23277 2676
23282 2678
23287 2676
23292 2675
23297 2677
23302 2676
23307 2676
23312 2676
23317 2677
23322 2678
23327 2678
23332 2676
23337 2677
23342 2676
23347 2675
23352 2675
23357 2677
23362 2677
23367 2677
23372 2674
23377 2677
23382 2676
23387 2676
23392 2676
23397 2676
23402 2675
23407 2678
23412 2675
23417 2676
23422 2678
23427 2674
23432 2673
23437 2677
23442 2677
23447 2676
23452 2676
23457 2676
23462 2675
23467 2676
23472 2675
23477 2676
23482 2675
23487 2677
23492 2676
23497 2678
23502 2675
23507 2676
23512 2677
23517 2678
23522 2677
23527 2679
23532 2675
23537 2675
23542 2676
23547 2675
23552 2677
23557 2676
23562 2678
23567 2676
23572 2678
23577 2678
23582 2675
23587 2677
23592 2675
23597 2676
23602 2677
23607 2676
23612 2675
23617 2677
23622 2677
23627 2676
23632 2675
23637 2677
23642 2678
23647 2679
23652 2677
23657 2676
23662 2678
23667 2675
23672 2678
23677 2675
23682 2677
23687 2676
23692 2677
23697 2677
23702 2676
23707 2678
23712 2677
23717 2679
23722 2677
23727 2676
23732 2675
23737 2677
23742 2675
23747 2679
23752 2676
23757 2677
23762 2677
23767 2676
23772 2677
23777 2678
23782 2676
23787 2678
23792 2675
23797 2683
23802 2675
23807 2676
23812 2677
23817 2677
23822 2675
23827 2676
23832 2676
23837 2675
23842 2675
23847 2676
23852 2677
23857 2677
23862 2676
23867 2675
23872 2677
23877 2677
23882 2678
23887 2676
23892 2676
23897 2675
23902 2676
23907 2677
23912 2677
23917 2676
23922 2677
23927 2678
23932 2677
23937 2679
23942 2677
23947 2677
23952 2674
23957 2676
23962 2675
23967 2675
23972 2676
23977 2677
23982 2676
23987 2675
23992 2676
23997 2674
24002 2676
24007 2677
24012 2677
24017 2676
24022 2676
24027 2673
24032 2677
24037 2677
24042 2676
24047 2678
24052 2677
24057 2677
24062 2677
24067 2675
24072 2678
24077 2678
24082 2677
24087 2676
24092 2675
24097 2677
24102 2676
24107 2676
24112 2679
24117 2677
24122 2677
24127 2676
24132 2677
24137 2678
24142 2678
24147 2675
24152 2676
24157 2676
24162 2677
24167 2678
24172 2678
24177 2676
24182 2677
24187 2676
24192 2677
24197 2678
24202 2678
24207 2675
24212 2676
24217 2676
24222 2675
24227 2675
24232 2676
24237 2677
24242 2677
24247 2676
24252 2676
24257 2676
24262 2678
24267 2678
24272 2678
24277 2678
24282 2675
24287 2678
24292 2676
24297 2677
24302 2677
24307 2676
24312 2677
24317 2677
24322 2677
24327 2675
24332 2677
24337 2676
24342 2677
24347 2677
24352 2676
24357 2677
24362 2677
24367 2675
24372 2676
24377 2676
24382 2676
24387 2681
24392 2677
24397 2676
24402 2675
24407 2677
24412 2677
24417 2676
24422 2678
24427 2675
24432 2676
24437 2676
24442 2677
24447 2675
24452 2676
24457 2676
24462 2677
24467 2678
24472 2676
24477 2676
24482 2678
24487 2676
24492 2683
24497 2677
24502 2676
24507 2677
24512 2675
24517 2674
24522 2676
24527 2679
24532 2677
24537 2677
24542 2676
24547 2674
24552 2677
24557 2675
24562 2678
24567 2676
24572 2678
24577 2677
24582 2677
24587 2676
24592 2679
24597 2676
24602 2677
24607 2677
24612 2678
24617 2678
24622 2677
24627 2678
24632 2677
24637 2677
24642 2677
24647 2676
24652 2677
24657 2677
24662 2676
24667 2679
24672 2677
24677 2676
24682 2678
24687 2678
24692 2675
24697 2675
24702 2678
24707 2677
24712 2678
24717 2678
24722 2677
24727 2676
24732 2678
24737 2676
24742 2678
24747 2679
24752 2678
24757 2678
24762 2678
24767 2679
24772 2678
24777 2677
24782 2677
24787 2680
24792 2678
24797 2677
24802 2675
24807 2676
24812 2675
24817 2676
24822 2676
24827 2677
24832 2676
24837 2675
24842 2676
24847 2676
24852 2678
24857 2676
24862 2676
24867 2677
24872 2678
24877 2676
24882 2676
24887 2674
24892 2678
24897 2676
24902 2676
24907 2676
24912 2677
24917 2676
24922 2677
24927 2677
24932 2674
24937 2676
24942 2676
24947 2678
24952 2677
24957 2677
24962 2677
24967 2677
24972 2680
24977 2677
24982 2678
24987 2676
24992 2677
24997 2677
25002 2680
25007 2675
25012 2675
25017 2676
25022 2677
25027 2677
25032 2677
25037 2676
25042 2675
25047 2678
25052 2677
25057 2676
25062 2676
25067 2676
25072 2677
25077 2677
25082 2677
25087 2677
25092 2678
25097 2675
25102 2678
25107 2678
25112 2678
25117 2676
25122 2676
25127 2676
25132 2677
25137 2675
25142 2676
25147 2676
25152 2677
25157 2679
25162 2675
25167 2677
25172 2676
25177 2676
25182 2676
25187 2679
25192 2678
25197 2675
25202 2676
25207 2675
25212 2676
25217 2677
25222 2679
25227 2675
25232 2675
25237 2676
25242 2677
25247 2677
25252 2675
25257 2677
25262 2676
25267 2676
25272 2675
25277 2676
25282 2675
25287 2676
25292 2678
25297 2675
25302 2678
25307 2675
25312 2674
25317 2679
25322 2678
25327 2676
25332 2678
25337 2675
25342 2677
25347 2676
25352 2675
25357 2677
25362 2676
25367 2676
25372 2677
25377 2675
25382 2676
25387 2676
25392 2677
25397 2677
25402 2675
25407 2681
25412 2676
25417 2678
25422 2676
25427 2678
25432 2676
25437 2675
25442 2676
25447 2678
25452 2677
25457 2676
25462 2679
25467 2679
25472 2677
25477 2676
25482 2676
25487 2676
25492 2675
25497 2679
25502 2676
25507 2677
25512 2678
25517 2679
25522 2679
25527 2678
25532 2676
25537 2678
25542 2676
25547 2677
25552 2676
25557 2677
25562 2677
25567 2674
25572 2674
25577 2677
25582 2677
25587 2677
25592 2678
25597 2676
25602 2674
25607 2678
25612 2676
25617 2675
25622 2677
25627 2678
25632 2678
25637 2677
25642 2675
25647 2675
25652 2675
25657 2678
25662 2677
25667 2676
25672 2677
25677 2677
25682 2676
25687 2677
25692 2677
25697 2678
25702 2677
25707 2675
25712 2676
25717 2677
25722 2677
25727 2677
25732 2677
25737 2674
25742 2677
25747 2677
25752 2677
25757 2678
25762 2675
25767 2678
25772 2676
25777 2676
25782 2676
25787 2677
25792 2678
25797 2676
25802 2676
25807 2677
25812 2678
25817 2677
25822 2676
25827 2678
25832 2676
25837 2675
25842 2676
25847 2676
25852 2675
25857 2677
25862 2677
25867 2676
25872 2676
25877 2676
25882 2677
25887 2677
25892 2677
25897 2678
25902 2676
25907 2676
25912 2677
25917 2676
25922 2677
25927 2675
25932 2675
25937 2677
25942 2674
25947 2675
25952 2677
25957 2679
25962 2676
25967 2677
25972 2675
25977 2679
25982 2676
25987 2677
25992 2677
25997 2676
26002 2678
26007 2675
26012 2677
26017 2678
26022 2679
26027 2676
26032 2678
26037 2676
26042 2676
26047 2676
26052 2677
26057 2678
26062 2679
26067 2676
26072 2678
26077 2678
26082 2678
26087 2652
26092 2588
26097 2693
26102 2677
26107 2678
26112 2676
26117 2677
26122 2676
26127 2678
26132 2677
26137 2676
26142 2675
26147 2678
26152 2676
26157 2678
26162 2677
26167 2676
26172 2677
26177 2676
26182 2675
26187 2675
26192 2676
26197 2675
26202 2676
26207 2677
26212 2676
26217 2678
26222 2676
26227 2676
26232 2677
26237 2677
26242 2677
26247 2677
26252 2676
26257 2676
26262 2676
26267 2677
26272 2675
26277 2676
26282 2678
26287 2675
26292 2678
26297 2677
26302 2676
26307 2676
26312 2676
26317 2677
26322 2676
26327 2676
26332 2676
26337 2675
26342 2676
26347 2675
26352 2677
26357 2677
26362 2675
26367 2677
26372 2679
26377 2676
26382 2677
26387 2676
26392 2676
26397 2676
26402 2677
26407 2678
26412 2677
26417 2677
26422 2678
26427 2676
26432 2676
26437 2676
26442 2677
26447 2676
26452 2676
26457 2677
26462 2677
26467 2676
26472 2677
26477 2677
26482 2676
26487 2677
26492 2678
26497 2677
26502 2676
26507 2677
26512 2680
26517 2680
26522 2738
26527 2666
26532 2677
26537 2676
26542 2678
26547 2677
26552 2677
26557 2677
26562 2677
26567 2677
26572 2677
26577 2679
26582 2676
26587 2675
26592 2677
26597 2677
26602 2675
26607 2678
26612 2677
26617 2676
26622 2678
26627 2675
26632 2677
26637 2676
26642 2677
26647 2676
26652 2675
26657 2676
26662 2676
26667 2677
26672 2677
26677 2679
26682 2676
26687 2678
26692 2678
26697 2680
26702 2676
26707 2675
26712 2676
26717 2677
26722 2677
26727 2679
26732 2677
26737 2674
26742 2678
26747 2677
26752 2677
26757 2656
26762 2556
26767 2678
26772 2687
26777 2678
26782 2678
26787 2677
26792 2678
26797 2678
26802 2676
26807 2678
26812 2676
26817 2678
26822 2677
26827 2676
26832 2678
26837 2684
26842 2676
26847 2677
26852 2676
26857 2678
26862 2675
26867 2677
26872 2677
26877 2676
26882 2676
26887 2675
26892 2676
26897 2676
26902 2675
26907 2676
26912 2678
26917 2676
26922 2678
26927 2675
26932 2676
26937 2677
26942 2676
26947 2674
26952 2680
26957 2677
26962 2676
26967 2677
26972 2677
26977 2678
26982 2679
26987 2678
26992 2679
26997 2677
27002 2677
27007 2677
27012 2675
27017 2679
27022 2677
27027 2676
27032 2676
27037 2676
27042 2678
27047 2678
27052 2676
27057 2676
27062 2677
27067 2677
27072 2675
27077 2673
27082 2677
27087 2676
27092 2676
27097 2678
27102 2677
27107 2677
27112 2676
27117 2677
27122 2677
27127 2675
27132 2677
27137 2675
27142 2675
27147 2678
27152 2675
27157 2677
27162 2677
27167 2677
27172 2676
27177 2680
27182 2677
27187 2675
27192 2677
27197 2675
27202 2677
27207 2676
27212 2676
27217 2676
27222 2675
27227 2677
27232 2675
27237 2677
27242 2676
27247 2679
27252 2675
27257 2679
27262 2677
27267 2678
27272 2677
27277 2676
27282 2679
27287 2678
27292 2676
27297 2676
27302 2676
27307 2676
27312 2676
27317 2678
27322 2678
27327 2674
27332 2675
27337 2673
27342 2681
27347 2677
27352 2675
27357 2676
27362 2679
27367 2675
27372 2677
27377 2675
27382 2675
27387 2676
27392 2675
27397 2677
27402 2678
27407 2676
27412 2673
27417 2677
27422 2675
27427 2677
27432 2677
27437 2678
27442 2677
27447 2676
27452 2676
27457 2676
27462 2677
27467 2677
27472 2677
27477 2676
27482 2675
27487 2676
27492 2677
27497 2677
27502 2676
27507 2677
27512 2679
27517 2679
27522 2676
27527 2677
27532 2679
27537 2677
27542 2676
27547 2678
27552 2677
27557 2676
27562 2674
27567 2676
27572 2678
27577 2678
27582 2676
27587 2676
27592 2677
27597 2678
27602 2678
27607 2617
27612 2527
27617 2747
27622 2673
27627 2678
27632 2677
27637 2676
27642 2677
27647 2676
27652 2677
27657 2677
27662 2676
27667 2678
27672 2677
27677 2674
27682 2676
27687 2676
27692 2677
27697 2678
27702 2677
27707 2678
27712 2677
27717 2679
27722 2676
27727 2676
27732 2678
27737 2677
27742 2676
27747 2675
27752 2676
27757 2676
27762 2677
27767 2676
27772 2679
27777 2675
27782 2678
27787 2676
27792 2675
27797 2678
27802 2677
27807 2676
27812 2677
27817 2677
27822 2677
27827 2677
27832 2675
27837 2676
27842 2677
27847 2676
27852 2674
27857 2678
27862 2678
27867 2676
27872 2677
27877 2676
27882 2680
27887 2676
27892 2677
27897 2677
27902 2676
27907 2678
27912 2676
27917 2676
27922 2676
27927 2676
27932 2675
27937 2672
27942 2678
27947 2676
27952 2676
27957 2680
27962 2676
27967 2676
27972 2677
27977 2677
27982 2677
27987 2676
27992 2677
27997 2677
28002 2676
28007 2677
28012 2678
28017 2676
28022 2675
28027 2675
28032 2678
28037 2676
28042 2679
28047 2678
28052 2675
28057 2677
28062 2677
28067 2677
28072 2677
28077 2678
28082 2676
28087 2676
28092 2679
28097 2677
28102 2676
28107 2677
28112 2678
28117 2676
28122 2678
28127 2677
28132 2677
28137 2677
28142 2677
28147 2676
28152 2675
28157 2677
28162 2677
28167 2676
28172 2677
28177 2676
28182 2677
28187 2677
28192 2677
28197 2677
28202 2675
28207 2677
28212 2677
28217 2676
28222 2676
28227 2675
28232 2678
28237 2675
28242 2678
28247 2676
28252 2679
28257 2679
28262 2677
28267 2675
28272 2676
28277 2677
28282 2676
28287 2678
28292 2679
28297 2677
28302 2678
28307 2679
28312 2677
28317 2677
28322 2678
28327 2678
28332 2678
28337 2671
28342 2677
28347 2676
28352 2677
28357 2677
28362 2676
28367 2676
28372 2676
28377 2677
28382 2676
28387 2679
28392 2675
28397 2680
28402 2675
28407 2675
28412 2679
28417 2680
28422 2676
28427 2677
28432 2678
28437 2677
28442 2675
28447 2676
28452 2676
28457 2676
28462 2677
28467 2678
28472 2677
28477 2675
28482 2682
28487 2678
28492 2676
28497 2676
28502 2675
28507 2677
28512 2678
28517 2677
28522 2676
28527 2676
28532 2675
28537 2677
28542 2678
28547 2675
28552 2677
28557 2678
28562 2675
28567 2677
28572 2677
28577 2678
28582 2678
28587 2677
28592 2676
28597 2677
28602 2677
28607 2678
28612 2676
28617 2676
28622 2678
28627 2676
28632 2676
28637 2677
28642 2675
28647 2678
28652 2674
28657 2677
28662 2677
28667 2677
28672 2675
28677 2677
28682 2676
28687 2675
28692 2677
28697 2677
28702 2677
28707 2676
28712 2678
28717 2677
28722 2677
28727 2675
28732 2675
28737 2677
28742 2678
28747 2677
28752 2678
28757 2678
28762 2678
28767 2676
28772 2678
28777 2674
28782 2676
28787 2678
28792 2676
28797 2677
28802 2676
28807 2677
28812 2677
28817 2675
28822 2675
28827 2678
28832 2679
28837 2678
28842 2677
28847 2675
28852 2671
28857 2672
28862 2678
28867 2678
28872 2675
28877 2677
28882 2677
28887 2673
28892 2677
28897 2678
28902 2676
28907 2673
28912 2676
28917 2677
28922 2675
28927 2677
28932 2678
28937 2676
28942 2676
28947 2680
28952 2678
28957 2677
28962 2677
28967 2677
28972 2676
28977 2676
28982 2676
28987 2676
28992 2677
28997 2676
29002 2678
29007 2676
29012 2676
29017 2677
29022 2677
29027 2675
29032 2676
29037 2676
29042 2677
29047 2677
29052 2677
29057 2677
29062 2677
29067 2677
29072 2674
29077 2675
29082 2674
29087 2678
29092 2678
29097 2676
29102 2675
29107 2677
29112 2677
29117 2676
29122 2677
29127 2675
29132 2676
29137 2677
29142 2676
29147 2678
29152 2675
29157 2676
29162 2676
29167 2677
29172 2678
29177 2677
29182 2674
29187 2676
29192 2676
29197 2675
29202 2676
29207 2677
29212 2677
29217 2676
29222 2675
29227 2675
29232 2677
29237 2677
29242 2675
29247 2676
29252 2677
29257 2676
29262 2682
29267 2677
29272 2677
29277 2677
29282 2676
29287 2675
29292 2675
29297 2679
29302 2675
29307 2678
29312 2677
29317 2677
29322 2677
29327 2676
29332 2675
29337 2678
29342 2679
29347 2676
29352 2675
29357 2679
29362 2677
29367 2675
29372 2676
29377 2678
29382 2676
29387 2677
29392 2677
29397 2679
29402 2677
29407 2676
29412 2680
29417 2676
29422 2676
29427 2678
29432 2675
29437 2678
29442 2677
29447 2679
29452 2677
29457 2676
29462 2678
29467 2676
29472 2677
29477 2676
29482 2678
29487 2673
29492 2676
29497 2677
29502 2677
29507 2678
29512 2677
29517 2676
29522 2679
29527 2676
29532 2676
29537 2677
29542 2676
29547 2679
29552 2675
29557 2678
29562 2677
29567 2677
29572 2676
29577 2676
29582 2674
29587 2678
29592 2676
29597 2677
29602 2676
29607 2678
29612 2676
29617 2676
29622 2675
29627 2676
29632 2677
29637 2675
29642 2678
29647 2676
29652 2677
29657 2676
29662 2678
29667 2677
29672 2675
29677 2674
29682 2675
29687 2676
29692 2677
29697 2675
29702 2676
29707 2677
29712 2678
29717 2674
29722 2679
29727 2678
29732 2677
29737 2677
29742 2677
29747 2676
29752 2676
29757 2676
29762 2677
29767 2679
29772 2677
29777 2676
29782 2676
29787 2677
29792 2676
29797 2676
29802 2675
29807 2676
29812 2676
29817 2677
29822 2677
29827 2677
29832 2677
29837 2676
29842 2676
29847 2676
29852 2677
29857 2677
29862 2678
29867 2675
29872 2678
29877 2678
29882 2677
29887 2678
29892 2677
29897 2676
29902 2676
29907 2678
29912 2678
29917 2677
29922 2675
29927 2677
29932 2678
29937 2676
29942 2678
29947 2677
29952 2678
29957 2676
29962 2677
29967 2675
29972 2675
29977 2676
29982 2676
29987 2676
29992 2677
29997 2677
